% latex table generated in R 3.6.1 by xtable 1.8-4 package
% Wed Jan 13 09:30:54 2021
\begin{table}[ht]
\centering
\begin{tabular}{lrrr}
  \hline
Choice set & x1 & x2 & x3 \\ 
  \hline
1 & 0.00 & 0.00 & 1.00 \\ 
  1 & 0.60 & 0.00 & 0.40 \\ 
  2 & 0.00 & 0.00 & 1.00 \\ 
  2 & 0.24 & 0.46 & 0.30 \\ 
  3 & 0.60 & 0.40 & 0.00 \\ 
  3 & 0.21 & 0.35 & 0.44 \\ 
  4 & 0.00 & 1.00 & 0.00 \\ 
  4 & 0.00 & 0.31 & 0.69 \\ 
  5 & 0.40 & 0.00 & 0.60 \\ 
  5 & 1.00 & 0.00 & 0.00 \\ 
  6 & 0.00 & 0.65 & 0.35 \\ 
  6 & 0.48 & 0.27 & 0.25 \\ 
  7 & 1.00 & 0.00 & 0.00 \\ 
  7 & 0.39 & 0.61 & 0.00 \\ 
   \hline
\end{tabular}
\caption{D-optimal design for artificial sweetener experiment, $\kappa = 0.5$} 
\label{tab:cornell_exp_d_optimal_des_kappa_0.5}
\end{table}
% latex table generated in R 3.6.1 by xtable 1.8-4 package
% Wed Jan 13 09:30:54 2021
\begin{table}[ht]
\centering
\begin{tabular}{lrrr}
  \hline
Choice set & x1 & x2 & x3 \\ 
  \hline
1 & 0.00 & 0.00 & 1.00 \\ 
  1 & 0.53 & 0.00 & 0.47 \\ 
  2 & 0.00 & 0.00 & 1.00 \\ 
  2 & 0.39 & 0.34 & 0.27 \\ 
  3 & 0.00 & 0.51 & 0.49 \\ 
  3 & 0.06 & 0.00 & 0.94 \\ 
  4 & 0.00 & 1.00 & 0.00 \\ 
  4 & 0.02 & 0.00 & 0.98 \\ 
  5 & 1.00 & 0.00 & 0.00 \\ 
  5 & 0.10 & 0.69 & 0.21 \\ 
  6 & 0.00 & 0.00 & 1.00 \\ 
  6 & 0.39 & 0.34 & 0.27 \\ 
  7 & 0.52 & 0.48 & 0.00 \\ 
  7 & 0.17 & 0.14 & 0.69 \\ 
   \hline
\end{tabular}
\caption{I-optimal design for artificial sweetener experiment, $\kappa = 0.5$} 
\label{tab:cornell_exp_i_optimal_des_kappa_0.5}
\end{table}
% latex table generated in R 3.6.1 by xtable 1.8-4 package
% Wed Jan 13 09:30:54 2021
\begin{table}[ht]
\centering
\begin{tabular}{lrrr}
  \hline
Choice set & x1 & x2 & x3 \\ 
  \hline
1 & 1.00 & 0.00 & 0.00 \\ 
  1 & 0.46 & 0.00 & 0.54 \\ 
  2 & 0.00 & 1.00 & 0.00 \\ 
  2 & 0.00 & 0.40 & 0.60 \\ 
  3 & 0.00 & 0.63 & 0.37 \\ 
  3 & 0.41 & 0.33 & 0.25 \\ 
  4 & 0.00 & -0.00 & 1.00 \\ 
  4 & 0.55 & 0.00 & 0.45 \\ 
  5 & 0.49 & 0.51 & 0.00 \\ 
  5 & 1.00 & 0.00 & 0.00 \\ 
  6 & 0.00 & 0.00 & 1.00 \\ 
  6 & 0.22 & 0.46 & 0.32 \\ 
  7 & 0.55 & 0.45 & 0.00 \\ 
  7 & 0.25 & 0.33 & 0.42 \\ 
   \hline
\end{tabular}
\caption{D-optimal design for artificial sweetener experiment, $\kappa = 5$} 
\label{tab:cornell_exp_d_optimal_des_kappa_5}
\end{table}
% latex table generated in R 3.6.1 by xtable 1.8-4 package
% Wed Jan 13 09:30:54 2021
\begin{table}[ht]
\centering
\begin{tabular}{lrrr}
  \hline
Choice set & x1 & x2 & x3 \\ 
  \hline
1 & 0.00 & 0.00 & 1.00 \\ 
  1 & 0.36 & 0.36 & 0.28 \\ 
  2 & 0.00 & 0.98 & 0.02 \\ 
  2 & 0.15 & 0.22 & 0.63 \\ 
  3 & 0.00 & 0.04 & 0.96 \\ 
  3 & 0.48 & 0.00 & 0.52 \\ 
  4 & 1.00 & 0.00 & 0.00 \\ 
  4 & 0.43 & 0.47 & 0.10 \\ 
  5 & 0.00 & 0.00 & 1.00 \\ 
  5 & 0.38 & 0.34 & 0.27 \\ 
  6 & 0.64 & 0.36 & 0.00 \\ 
  6 & 0.18 & 0.16 & 0.66 \\ 
  7 & 0.00 & 0.00 & 1.00 \\ 
  7 & 0.00 & 0.53 & 0.47 \\ 
   \hline
\end{tabular}
\caption{I-optimal design for artificial sweetener experiment, $\kappa = 5$} 
\label{tab:cornell_exp_i_optimal_des_kappa_5}
\end{table}
% latex table generated in R 3.6.1 by xtable 1.8-4 package
% Wed Jan 13 09:30:54 2021
\begin{table}[ht]
\centering
\begin{tabular}{lrrr}
  \hline
Choice set & x1 & x2 & x3 \\ 
  \hline
1 & 0.00 & 0.00 & 1.00 \\ 
  1 & 0.43 & 0.21 & 0.36 \\ 
  2 & 0.00 & 1.00 & 0.00 \\ 
  2 & 0.00 & 0.47 & 0.53 \\ 
  3 & 0.00 & 0.00 & 1.00 \\ 
  3 & 0.00 & 0.51 & 0.49 \\ 
  4 & 0.38 & 0.37 & 0.26 \\ 
  4 & 0.60 & 0.00 & 0.40 \\ 
  5 & 1.00 & 0.00 & 0.00 \\ 
  5 & 0.48 & 0.00 & 0.52 \\ 
  6 & 0.46 & 0.54 & 0.00 \\ 
  6 & 0.00 & 0.83 & 0.17 \\ 
  7 & 0.42 & 0.58 & 0.00 \\ 
  7 & 0.35 & 0.27 & 0.38 \\ 
   \hline
\end{tabular}
\caption{D-optimal design for artificial sweetener experiment, $\kappa = 10$} 
\label{tab:cornell_exp_d_optimal_des_kappa_10}
\end{table}
% latex table generated in R 3.6.1 by xtable 1.8-4 package
% Wed Jan 13 09:30:55 2021
\begin{table}[ht]
\centering
\begin{tabular}{lrrr}
  \hline
Choice set & x1 & x2 & x3 \\ 
  \hline
1 & 0.46 & 0.26 & 0.28 \\ 
  1 & 0.00 & 0.06 & 0.94 \\ 
  2 & 0.00 & 0.51 & 0.49 \\ 
  2 & 0.00 & 0.00 & 1.00 \\ 
  3 & 0.53 & 0.26 & 0.22 \\ 
  3 & 1.00 & 0.00 & 0.00 \\ 
  4 & 0.00 & 0.00 & 1.00 \\ 
  4 & 0.45 & 0.00 & 0.55 \\ 
  5 & 0.52 & 0.48 & 0.00 \\ 
  5 & 0.19 & 0.17 & 0.64 \\ 
  6 & 0.21 & 0.51 & 0.28 \\ 
  6 & 0.00 & 1.00 & 0.00 \\ 
  7 & 0.04 & 0.00 & 0.96 \\ 
  7 & 0.25 & 0.45 & 0.29 \\ 
   \hline
\end{tabular}
\caption{I-optimal design for artificial sweetener experiment, $\kappa = 10$} 
\label{tab:cornell_exp_i_optimal_des_kappa_10}
\end{table}
% latex table generated in R 3.6.1 by xtable 1.8-4 package
% Wed Jan 13 09:30:55 2021
\begin{table}[ht]
\centering
\begin{tabular}{lrrr}
  \hline
Choice set & x1 & x2 & x3 \\ 
  \hline
1 & 1.00 & 0.00 & 0.00 \\ 
  1 & 0.62 & 0.00 & 0.38 \\ 
  2 & 0.00 & 0.57 & 0.43 \\ 
  2 & 0.06 & 0.94 & 0.00 \\ 
  3 & 0.00 & 0.00 & 1.00 \\ 
  3 & 0.00 & 0.41 & 0.59 \\ 
  4 & 0.00 & 1.00 & 0.00 \\ 
  4 & 0.31 & 0.69 & 0.00 \\ 
  5 & 0.47 & 0.53 & 0.00 \\ 
  5 & 0.37 & 0.31 & 0.32 \\ 
  6 & 0.58 & 0.00 & 0.42 \\ 
  6 & 0.44 & 0.28 & 0.28 \\ 
  7 & 0.00 & 0.03 & 0.97 \\ 
  7 & 0.38 & 0.19 & 0.44 \\ 
   \hline
\end{tabular}
\caption{D-optimal design for artificial sweetener experiment, $\kappa = 30$} 
\label{tab:cornell_exp_d_optimal_des_kappa_30}
\end{table}
% latex table generated in R 3.6.1 by xtable 1.8-4 package
% Wed Jan 13 09:30:55 2021
\begin{table}[ht]
\centering
\begin{tabular}{lrrr}
  \hline
Choice set & x1 & x2 & x3 \\ 
  \hline
1 & 0.06 & 0.00 & 0.94 \\ 
  1 & 0.46 & 0.23 & 0.30 \\ 
  2 & 0.13 & 0.65 & 0.23 \\ 
  2 & 0.00 & 0.24 & 0.76 \\ 
  3 & 0.94 & 0.00 & 0.06 \\ 
  3 & 0.65 & 0.19 & 0.16 \\ 
  4 & 0.06 & 0.33 & 0.61 \\ 
  4 & 0.00 & 0.00 & 1.00 \\ 
  5 & 0.00 & 0.00 & 1.00 \\ 
  5 & 0.28 & 0.00 & 0.72 \\ 
  6 & 0.57 & 0.40 & 0.03 \\ 
  6 & 0.35 & 0.23 & 0.42 \\ 
  7 & 0.00 & 0.83 & 0.17 \\ 
  7 & 0.25 & 0.54 & 0.21 \\ 
   \hline
\end{tabular}
\caption{I-optimal design for artificial sweetener experiment, $\kappa = 30$} 
\label{tab:cornell_exp_i_optimal_des_kappa_30}
\end{table}
% latex table generated in R 3.6.1 by xtable 1.8-4 package
% Wed Jan 13 09:38:58 2021
\begin{table}[ht]
\centering
\begin{tabular}{lrrr}
  \hline
Choice set & x1 & x2 & x3 \\ 
  \hline
1 & 0.00 & 0.00 & 1.00 \\ 
  1 & 0.60 & 0.00 & 0.40 \\ 
  2 & 0.00 & 0.00 & 1.00 \\ 
  2 & 0.24 & 0.46 & 0.30 \\ 
  3 & 0.60 & 0.40 & 0.00 \\ 
  3 & 0.21 & 0.35 & 0.44 \\ 
  4 & 0.00 & 1.00 & 0.00 \\ 
  4 & 0.00 & 0.31 & 0.69 \\ 
  5 & 0.40 & 0.00 & 0.60 \\ 
  5 & 1.00 & 0.00 & 0.00 \\ 
  6 & 0.00 & 0.65 & 0.35 \\ 
  6 & 0.48 & 0.27 & 0.25 \\ 
  7 & 1.00 & 0.00 & 0.00 \\ 
  7 & 0.39 & 0.61 & 0.00 \\ 
   \hline
\end{tabular}
\caption{D-optimal design for artificial sweetener experiment, $\kappa = 0.5$} 
\label{tab:cornell_exp_d_optimal_des_kappa_0.5}
\end{table}
% latex table generated in R 3.6.1 by xtable 1.8-4 package
% Wed Jan 13 09:38:58 2021
\begin{table}[ht]
\centering
\begin{tabular}{lrrr}
  \hline
Choice set & x1 & x2 & x3 \\ 
  \hline
1 & 0.00 & 0.00 & 1.00 \\ 
  1 & 0.53 & 0.00 & 0.47 \\ 
  2 & 0.00 & 0.00 & 1.00 \\ 
  2 & 0.39 & 0.34 & 0.27 \\ 
  3 & 0.00 & 0.51 & 0.49 \\ 
  3 & 0.06 & 0.00 & 0.94 \\ 
  4 & 0.00 & 1.00 & 0.00 \\ 
  4 & 0.02 & 0.00 & 0.98 \\ 
  5 & 1.00 & 0.00 & 0.00 \\ 
  5 & 0.10 & 0.69 & 0.21 \\ 
  6 & 0.00 & 0.00 & 1.00 \\ 
  6 & 0.39 & 0.34 & 0.27 \\ 
  7 & 0.52 & 0.48 & 0.00 \\ 
  7 & 0.17 & 0.14 & 0.69 \\ 
   \hline
\end{tabular}
\caption{I-optimal design for artificial sweetener experiment, $\kappa = 0.5$} 
\label{tab:cornell_exp_i_optimal_des_kappa_0.5}
\end{table}
% latex table generated in R 3.6.1 by xtable 1.8-4 package
% Wed Jan 13 09:38:58 2021
\begin{table}[ht]
\centering
\begin{tabular}{lrrr}
  \hline
Choice set & x1 & x2 & x3 \\ 
  \hline
1 & 1.00 & 0.00 & 0.00 \\ 
  1 & 0.46 & 0.00 & 0.54 \\ 
  2 & 0.00 & 1.00 & 0.00 \\ 
  2 & 0.00 & 0.40 & 0.60 \\ 
  3 & 0.00 & 0.63 & 0.37 \\ 
  3 & 0.41 & 0.33 & 0.25 \\ 
  4 & 0.00 & -0.00 & 1.00 \\ 
  4 & 0.55 & 0.00 & 0.45 \\ 
  5 & 0.49 & 0.51 & 0.00 \\ 
  5 & 1.00 & 0.00 & 0.00 \\ 
  6 & 0.00 & 0.00 & 1.00 \\ 
  6 & 0.22 & 0.46 & 0.32 \\ 
  7 & 0.55 & 0.45 & 0.00 \\ 
  7 & 0.25 & 0.33 & 0.42 \\ 
   \hline
\end{tabular}
\caption{D-optimal design for artificial sweetener experiment, $\kappa = 5$} 
\label{tab:cornell_exp_d_optimal_des_kappa_5}
\end{table}
% latex table generated in R 3.6.1 by xtable 1.8-4 package
% Wed Jan 13 09:38:58 2021
\begin{table}[ht]
\centering
\begin{tabular}{lrrr}
  \hline
Choice set & x1 & x2 & x3 \\ 
  \hline
1 & 0.00 & 0.00 & 1.00 \\ 
  1 & 0.36 & 0.36 & 0.28 \\ 
  2 & 0.00 & 0.98 & 0.02 \\ 
  2 & 0.15 & 0.22 & 0.63 \\ 
  3 & 0.00 & 0.04 & 0.96 \\ 
  3 & 0.48 & 0.00 & 0.52 \\ 
  4 & 1.00 & 0.00 & 0.00 \\ 
  4 & 0.43 & 0.47 & 0.10 \\ 
  5 & 0.00 & 0.00 & 1.00 \\ 
  5 & 0.38 & 0.34 & 0.27 \\ 
  6 & 0.64 & 0.36 & 0.00 \\ 
  6 & 0.18 & 0.16 & 0.66 \\ 
  7 & 0.00 & 0.00 & 1.00 \\ 
  7 & 0.00 & 0.53 & 0.47 \\ 
   \hline
\end{tabular}
\caption{I-optimal design for artificial sweetener experiment, $\kappa = 5$} 
\label{tab:cornell_exp_i_optimal_des_kappa_5}
\end{table}
% latex table generated in R 3.6.1 by xtable 1.8-4 package
% Wed Jan 13 09:38:58 2021
\begin{table}[ht]
\centering
\begin{tabular}{lrrr}
  \hline
Choice set & x1 & x2 & x3 \\ 
  \hline
1 & 0.00 & 0.00 & 1.00 \\ 
  1 & 0.43 & 0.21 & 0.36 \\ 
  2 & 0.00 & 1.00 & 0.00 \\ 
  2 & 0.00 & 0.47 & 0.53 \\ 
  3 & 0.00 & 0.00 & 1.00 \\ 
  3 & 0.00 & 0.51 & 0.49 \\ 
  4 & 0.38 & 0.37 & 0.26 \\ 
  4 & 0.60 & 0.00 & 0.40 \\ 
  5 & 1.00 & 0.00 & 0.00 \\ 
  5 & 0.48 & 0.00 & 0.52 \\ 
  6 & 0.46 & 0.54 & 0.00 \\ 
  6 & 0.00 & 0.83 & 0.17 \\ 
  7 & 0.42 & 0.58 & 0.00 \\ 
  7 & 0.35 & 0.27 & 0.38 \\ 
   \hline
\end{tabular}
\caption{D-optimal design for artificial sweetener experiment, $\kappa = 10$} 
\label{tab:cornell_exp_d_optimal_des_kappa_10}
\end{table}
% latex table generated in R 3.6.1 by xtable 1.8-4 package
% Wed Jan 13 09:38:58 2021
\begin{table}[ht]
\centering
\begin{tabular}{lrrr}
  \hline
Choice set & x1 & x2 & x3 \\ 
  \hline
1 & 0.46 & 0.26 & 0.28 \\ 
  1 & 0.00 & 0.06 & 0.94 \\ 
  2 & 0.00 & 0.51 & 0.49 \\ 
  2 & 0.00 & 0.00 & 1.00 \\ 
  3 & 0.53 & 0.26 & 0.22 \\ 
  3 & 1.00 & 0.00 & 0.00 \\ 
  4 & 0.00 & 0.00 & 1.00 \\ 
  4 & 0.45 & 0.00 & 0.55 \\ 
  5 & 0.52 & 0.48 & 0.00 \\ 
  5 & 0.19 & 0.17 & 0.64 \\ 
  6 & 0.21 & 0.51 & 0.28 \\ 
  6 & 0.00 & 1.00 & 0.00 \\ 
  7 & 0.04 & 0.00 & 0.96 \\ 
  7 & 0.25 & 0.45 & 0.29 \\ 
   \hline
\end{tabular}
\caption{I-optimal design for artificial sweetener experiment, $\kappa = 10$} 
\label{tab:cornell_exp_i_optimal_des_kappa_10}
\end{table}
% latex table generated in R 3.6.1 by xtable 1.8-4 package
% Wed Jan 13 09:38:58 2021
\begin{table}[ht]
\centering
\begin{tabular}{lrrr}
  \hline
Choice set & x1 & x2 & x3 \\ 
  \hline
1 & 1.00 & 0.00 & 0.00 \\ 
  1 & 0.62 & 0.00 & 0.38 \\ 
  2 & 0.00 & 0.57 & 0.43 \\ 
  2 & 0.06 & 0.94 & 0.00 \\ 
  3 & 0.00 & 0.00 & 1.00 \\ 
  3 & 0.00 & 0.41 & 0.59 \\ 
  4 & 0.00 & 1.00 & 0.00 \\ 
  4 & 0.31 & 0.69 & 0.00 \\ 
  5 & 0.47 & 0.53 & 0.00 \\ 
  5 & 0.37 & 0.31 & 0.32 \\ 
  6 & 0.58 & 0.00 & 0.42 \\ 
  6 & 0.44 & 0.28 & 0.28 \\ 
  7 & 0.00 & 0.03 & 0.97 \\ 
  7 & 0.38 & 0.19 & 0.44 \\ 
   \hline
\end{tabular}
\caption{D-optimal design for artificial sweetener experiment, $\kappa = 30$} 
\label{tab:cornell_exp_d_optimal_des_kappa_30}
\end{table}
% latex table generated in R 3.6.1 by xtable 1.8-4 package
% Wed Jan 13 09:38:59 2021
\begin{table}[ht]
\centering
\begin{tabular}{lrrr}
  \hline
Choice set & x1 & x2 & x3 \\ 
  \hline
1 & 0.06 & 0.00 & 0.94 \\ 
  1 & 0.46 & 0.23 & 0.30 \\ 
  2 & 0.13 & 0.65 & 0.23 \\ 
  2 & 0.00 & 0.24 & 0.76 \\ 
  3 & 0.94 & 0.00 & 0.06 \\ 
  3 & 0.65 & 0.19 & 0.16 \\ 
  4 & 0.06 & 0.33 & 0.61 \\ 
  4 & 0.00 & 0.00 & 1.00 \\ 
  5 & 0.00 & 0.00 & 1.00 \\ 
  5 & 0.28 & 0.00 & 0.72 \\ 
  6 & 0.57 & 0.40 & 0.03 \\ 
  6 & 0.35 & 0.23 & 0.42 \\ 
  7 & 0.00 & 0.83 & 0.17 \\ 
  7 & 0.25 & 0.54 & 0.21 \\ 
   \hline
\end{tabular}
\caption{I-optimal design for artificial sweetener experiment, $\kappa = 30$} 
\label{tab:cornell_exp_i_optimal_des_kappa_30}
\end{table}
