% latex table generated in R 4.0.4 by xtable 1.8-4 package
% Mon Mar 29 14:54:29 2021
\begin{table}[ht]
\centering
\begin{tabular}{lrrr}
  \hline
Choice set & x1 & x2 & x3 \\ 
  \hline
1 & 0.00 & 1.00 & 0.00 \\ 
  1 & 0.61 & 0.39 & 0.00 \\ 
  2 & 1.00 & 0.00 & 0.00 \\ 
  2 & 0.40 & 0.00 & 0.60 \\ 
  3 & 0.00 & 0.33 & 0.67 \\ 
  3 & 0.48 & 0.25 & 0.27 \\ 
  4 & 0.59 & 0.00 & 0.41 \\ 
  4 & 0.22 & 0.44 & 0.33 \\ 
  5 & 0.00 & 0.00 & 1.00 \\ 
  5 & 0.00 & 0.67 & 0.33 \\ 
  6 & 1.00 & 0.00 & 0.00 \\ 
  6 & 0.40 & 0.60 & 0.00 \\ 
  7 & 0.00 & 1.00 & 0.00 \\ 
  7 & 0.24 & 0.30 & 0.47 \\ 
   \hline
\end{tabular}
\caption{Bayesian D-optimal design for artificial sweetener experiment, $\kappa = 0.5$} 
\label{tab:cornell_exp_d_optimal_des_kappa_0.5}
\end{table}
% latex table generated in R 4.0.4 by xtable 1.8-4 package
% Mon Mar 29 14:54:29 2021
\begin{table}[ht]
\centering
\begin{tabular}{lrrr}
  \hline
Choice set & x1 & x2 & x3 \\ 
  \hline
1 & 0.52 & 0.48 & 0.00 \\ 
  1 & 0.17 & 0.15 & 0.68 \\ 
  2 & 1.00 & 0.00 & 0.00 \\ 
  2 & 0.10 & 0.70 & 0.21 \\ 
  3 & 0.52 & 0.00 & 0.48 \\ 
  3 & 0.00 & 0.00 & 1.00 \\ 
  4 & 0.00 & 1.00 & 0.00 \\ 
  4 & 0.02 & 0.00 & 0.98 \\ 
  5 & 0.39 & 0.34 & 0.27 \\ 
  5 & 0.00 & 0.00 & 1.00 \\ 
  6 & 0.00 & 0.51 & 0.49 \\ 
  6 & 0.06 & 0.00 & 0.94 \\ 
  7 & 0.00 & 0.00 & 1.00 \\ 
  7 & 0.39 & 0.34 & 0.27 \\ 
   \hline
\end{tabular}
\caption{Bayesian I-optimal design for artificial sweetener experiment, $\kappa = 0.5$} 
\label{tab:cornell_exp_i_optimal_des_kappa_0.5}
\end{table}
% latex table generated in R 4.0.4 by xtable 1.8-4 package
% Mon Mar 29 14:54:29 2021
\begin{table}[ht]
\centering
\begin{tabular}{lrrr}
  \hline
Choice set & x1 & x2 & x3 \\ 
  \hline
1 & 0.51 & 0.49 & 0.00 \\ 
  1 & 1.00 & 0.00 & 0.00 \\ 
  2 & 0.56 & 0.44 & 0.00 \\ 
  2 & 0.28 & 0.30 & 0.42 \\ 
  3 & 0.00 & 0.00 & 1.00 \\ 
  3 & 0.28 & 0.28 & 0.43 \\ 
  4 & 1.00 & 0.00 & 0.00 \\ 
  4 & 0.50 & 0.00 & 0.50 \\ 
  5 & 0.00 & 0.68 & 0.32 \\ 
  5 & 0.42 & 0.32 & 0.26 \\ 
  6 & 0.00 & 1.00 & 0.00 \\ 
  6 & 0.00 & 0.48 & 0.52 \\ 
  7 & 0.56 & 0.00 & 0.44 \\ 
  7 & 0.26 & 0.41 & 0.32 \\ 
   \hline
\end{tabular}
\caption{Bayesian D-optimal design for artificial sweetener experiment, $\kappa = 5$} 
\label{tab:cornell_exp_d_optimal_des_kappa_5}
\end{table}
% latex table generated in R 4.0.4 by xtable 1.8-4 package
% Mon Mar 29 14:54:29 2021
\begin{table}[ht]
\centering
\begin{tabular}{lrrr}
  \hline
Choice set & x1 & x2 & x3 \\ 
  \hline
1 & 0.00 & 0.00 & 1.00 \\ 
  1 & 0.00 & 0.51 & 0.49 \\ 
  2 & 1.00 & 0.00 & 0.00 \\ 
  2 & 0.39 & 0.36 & 0.24 \\ 
  3 & 0.00 & 1.00 & 0.00 \\ 
  3 & 0.33 & 0.42 & 0.25 \\ 
  4 & 0.48 & 0.52 & 0.00 \\ 
  4 & 0.19 & 0.19 & 0.62 \\ 
  5 & 0.07 & 0.00 & 0.93 \\ 
  5 & 0.27 & 0.42 & 0.31 \\ 
  6 & 0.00 & 0.09 & 0.91 \\ 
  6 & 0.43 & 0.27 & 0.30 \\ 
  7 & 0.47 & 0.00 & 0.53 \\ 
  7 & 0.00 & 0.00 & 1.00 \\ 
   \hline
\end{tabular}
\caption{Bayesian I-optimal design for artificial sweetener experiment, $\kappa = 5$} 
\label{tab:cornell_exp_i_optimal_des_kappa_5}
\end{table}
% latex table generated in R 4.0.4 by xtable 1.8-4 package
% Mon Mar 29 14:54:29 2021
\begin{table}[ht]
\centering
\begin{tabular}{lrrr}
  \hline
Choice set & x1 & x2 & x3 \\ 
  \hline
1 & 0.00 & 0.00 & 1.00 \\ 
  1 & 0.25 & 0.24 & 0.51 \\ 
  2 & 0.00 & 1.00 & 0.00 \\ 
  2 & 0.00 & 0.57 & 0.43 \\ 
  3 & 0.54 & 0.00 & 0.46 \\ 
  3 & 0.28 & 0.38 & 0.34 \\ 
  4 & 0.55 & 0.00 & 0.45 \\ 
  4 & 1.00 & 0.00 & 0.00 \\ 
  5 & 0.00 & 0.68 & 0.32 \\ 
  5 & 0.37 & 0.36 & 0.27 \\ 
  6 & 0.55 & 0.45 & 0.00 \\ 
  6 & 0.31 & 0.33 & 0.37 \\ 
  7 & 1.00 & 0.00 & 0.00 \\ 
  7 & 0.57 & 0.43 & 0.00 \\ 
   \hline
\end{tabular}
\caption{Bayesian D-optimal design for artificial sweetener experiment, $\kappa = 10$} 
\label{tab:cornell_exp_d_optimal_des_kappa_10}
\end{table}
% latex table generated in R 4.0.4 by xtable 1.8-4 package
% Mon Mar 29 14:54:29 2021
\begin{table}[ht]
\centering
\begin{tabular}{lrrr}
  \hline
Choice set & x1 & x2 & x3 \\ 
  \hline
1 & 0.00 & 0.00 & 1.00 \\ 
  1 & 0.01 & 0.41 & 0.58 \\ 
  2 & 0.00 & 0.96 & 0.04 \\ 
  2 & 0.26 & 0.52 & 0.21 \\ 
  3 & 0.00 & 0.10 & 0.90 \\ 
  3 & 0.38 & 0.27 & 0.36 \\ 
  4 & 0.98 & 0.00 & 0.02 \\ 
  4 & 0.51 & 0.25 & 0.24 \\ 
  5 & 0.20 & 0.27 & 0.53 \\ 
  5 & 0.45 & 0.54 & 0.01 \\ 
  6 & 0.00 & 0.00 & 1.00 \\ 
  6 & 0.39 & 0.01 & 0.60 \\ 
  7 & 0.11 & 0.00 & 0.89 \\ 
  7 & 0.27 & 0.40 & 0.33 \\ 
   \hline
\end{tabular}
\caption{Bayesian I-optimal design for artificial sweetener experiment, $\kappa = 10$} 
\label{tab:cornell_exp_i_optimal_des_kappa_10}
\end{table}
% latex table generated in R 4.0.4 by xtable 1.8-4 package
% Mon Mar 29 14:54:29 2021
\begin{table}[ht]
\centering
\begin{tabular}{lrrr}
  \hline
Choice set & x1 & x2 & x3 \\ 
  \hline
1 & 0.00 & 0.00 & 1.00 \\ 
  1 & 0.16 & 0.17 & 0.67 \\ 
  2 & 0.00 & 1.00 & 0.00 \\ 
  2 & 0.00 & 0.66 & 0.34 \\ 
  3 & 1.00 & 0.00 & 0.00 \\ 
  3 & 0.68 & 0.12 & 0.20 \\ 
  4 & 0.31 & 0.69 & 0.00 \\ 
  4 & 0.00 & 1.00 & 0.00 \\ 
  5 & 0.00 & 0.51 & 0.49 \\ 
  5 & 0.29 & 0.33 & 0.38 \\ 
  6 & 0.47 & 0.53 & 0.00 \\ 
  6 & 0.41 & 0.31 & 0.28 \\ 
  7 & 0.51 & 0.00 & 0.49 \\ 
  7 & 0.37 & 0.28 & 0.35 \\ 
   \hline
\end{tabular}
\caption{Bayesian D-optimal design for artificial sweetener experiment, $\kappa = 30$} 
\label{tab:cornell_exp_d_optimal_des_kappa_30}
\end{table}
% latex table generated in R 4.0.4 by xtable 1.8-4 package
% Mon Mar 29 14:54:29 2021
\begin{table}[ht]
\centering
\begin{tabular}{lrrr}
  \hline
Choice set & x1 & x2 & x3 \\ 
  \hline
1 & 0.00 & 0.00 & 1.00 \\ 
  1 & 0.26 & 0.07 & 0.67 \\ 
  2 & 0.00 & 0.00 & 1.00 \\ 
  2 & 0.06 & 0.26 & 0.68 \\ 
  3 & 0.00 & 0.33 & 0.67 \\ 
  3 & 0.10 & 0.60 & 0.31 \\ 
  4 & 0.38 & 0.00 & 0.62 \\ 
  4 & 0.65 & 0.08 & 0.27 \\ 
  5 & 0.00 & 0.81 & 0.19 \\ 
  5 & 0.24 & 0.54 & 0.22 \\ 
  6 & 0.80 & 0.00 & 0.20 \\ 
  6 & 0.56 & 0.25 & 0.19 \\ 
  7 & 0.45 & 0.50 & 0.05 \\ 
  7 & 0.30 & 0.36 & 0.34 \\ 
   \hline
\end{tabular}
\caption{Bayesian I-optimal design for artificial sweetener experiment, $\kappa = 30$} 
\label{tab:cornell_exp_i_optimal_des_kappa_30}
\end{table}
